CameraID/C:CameraPosition[3]/D:CameraOrientation[3][3]/D
045	915.9019305122248	522.1746301850178	1500.2344555659554	0.7244891972701457	-0.07191556790265059	0.6855242914237973	-0.6867579149235827	0.009792647354421338	0.7268202462422217	-0.05898278841045646	-0.9973626497673911	-0.042293918242415116
046	1003.9180628065265	440.3766192102497	1514.4010859489924	0.6572880538695384	-0.08730177178756833	0.748565838709693	-0.7516839298718722	-0.004435873208285091	0.6595085993383689	-0.05425572608280733	-0.9961720351784784	-0.0685389853703423
047	1073.019148441129	343.19272008828517	1513.8523571170688	0.5903083378326964	-0.08596291463022074	0.8025873432801424	-0.8062760641281554	-0.015809071540256674	0.5913281505822673	-0.03814413059972931	-0.996172901942887	-0.07864206721264588
048	1086.1306062639173	290.7069550873205	1509.794327077495	0.40131021070864165	-0.06857167189123935	0.9133717975693284	-0.9159001382827563	-0.02048599222725715	0.40088310118548476	-0.00877789693563248	-0.9974358375035987	-0.07102604162476196
